chip  mode       fc  res  mean dB  rms dB worst dB
6581  direct                 2.30    3.57    16.37
8580  direct                 2.24    3.43    15.23
6581  LP        700    0     3.67    4.65    10.18
6581  LP        700    8     1.01    2.85    11.29
6581  LP        700   15    -7.11    8.05    19.88
6581  LP       1000    0     0.16    1.06     4.39
6581  LP       1000    8    -0.10    1.13     5.93
6581  LP       1000   15    -1.48    2.36     8.04
6581  LP       1300    0    -0.01    1.43     3.05
6581  LP       1300    8     0.13    1.10     2.15
6581  LP       1300   15    -0.31    1.09     5.66
6581  LP       1600    0     0.07    1.73     3.41
6581  LP       1600    8     0.12    1.36     3.08
6581  LP       1600   15    -0.31    0.87     1.86
6581  LP       1900    0     0.15    1.60     3.39
6581  LP       1900    8     0.10    1.22     3.02
6581  LP       1900   15    -0.34    0.92     2.78
6581  BP        700    0     0.08    2.67     6.81
6581  BP        700    8     0.28    2.51     7.09
6581  BP        700   15    -0.96    2.25    10.34
6581  BP       1000    0    -0.03    1.47    13.07
6581  BP       1000    8    -0.02    1.77    14.25
6581  BP       1000   15    -0.15    2.23    15.39
6581  BP       1300    0     0.36    2.36    18.18
6581  BP       1300    8     0.18    2.77    20.19
6581  BP       1300   15    -0.36    4.47    25.48
6581  BP       1600    0     0.49    3.33    21.38
6581  BP       1600    8     0.09    3.61    22.46
6581  BP       1600   15    -0.35    4.80    26.41
6581  BP       1900    0     0.26    4.06    23.94
6581  BP       1900    8    -0.10    4.34    24.67
6581  BP       1900   15     0.36    4.24    25.72
6581  HP        700    0    -0.84    2.24     7.38
6581  HP        700    8     0.05    1.60     6.23
6581  HP        700   15     0.83    1.18     6.17
6581  HP       1000    0    -0.06    0.81     3.58
6581  HP       1000    8     0.08    0.89     3.97
6581  HP       1000   15     0.12    1.10     5.47
6581  HP       1300    0    -0.29    0.96     5.25
6581  HP       1300    8    -0.04    0.72     4.31
6581  HP       1300   15     0.51    1.22     6.80
6581  HP       1600    0     0.15    0.41     1.62
6581  HP       1600    8     0.13    0.27     1.01
6581  HP       1600   15    -0.39    1.23     2.93
6581  HP       1900    0     0.19    0.33     0.96
6581  HP       1900    8     0.23    0.29     0.97
6581  HP       1900   15    -0.40    0.61     2.01
6581  notch     700    0    -1.15    5.28    47.44
6581  notch     700    8    -0.16    4.53    44.48
6581  notch     700   15     0.89    4.69    43.29
6581  notch    1000    0    -0.08    3.61    40.90
6581  notch    1000    8    -0.52    5.00    44.59
6581  notch    1000   15    -0.42    5.71    47.38
6581  notch    1300    0    -2.06    6.44    52.10
6581  notch    1300    8    -1.90    6.23    50.84
6581  notch    1300   15    -2.78    6.93    51.66
6581  notch    1600    0    -0.76    4.21    20.19
6581  notch    1600    8    -0.70    4.08    35.30
6581  notch    1600   15    -0.98    3.48    31.63
6581  notch    1900    0     0.31    2.35     6.34
6581  notch    1900    8     0.33    1.97     5.61
6581  notch    1900   15    -0.07    1.58     5.01
8580  LP        700    0     0.05    0.52     1.52
8580  LP        700    8    -0.01    0.53     1.85
8580  LP        700   15    -0.03    0.56     2.09
8580  LP       1000    0     0.20    0.38     0.97
8580  LP       1000    8    -0.00    0.39     1.48
8580  LP       1000   15    -0.22    0.59     2.28
8580  LP       1300    0     0.03    0.34     1.03
8580  LP       1300    8    -0.02    0.31     1.04
8580  LP       1300   15    -0.00    0.25     0.79
8580  LP       1600    0     0.05    0.36     0.93
8580  LP       1600    8    -0.02    0.37     0.84
8580  LP       1600   15    -0.03    0.36     0.75
8580  LP       1900    0     0.05    0.30     0.78
8580  LP       1900    8    -0.01    0.31     0.74
8580  LP       1900   15    -0.03    0.31     0.72
8580  BP        700    0     0.11    0.16     0.55
8580  BP        700    8     0.02    0.27     1.28
8580  BP        700   15    -0.15    0.73     9.12
8580  BP       1000    0     0.23    0.30     0.56
8580  BP       1000    8     0.01    0.22     0.85
8580  BP       1000   15    -0.27    0.36     1.08
8580  BP       1300    0     0.02    0.15     0.42
8580  BP       1300    8     0.01    0.19     0.59
8580  BP       1300   15    -0.01    0.45     2.17
8580  BP       1600    0     0.02    0.12     0.35
8580  BP       1600    8    -0.02    0.15     0.52
8580  BP       1600   15     0.01    0.27     1.40
8580  BP       1900    0     0.04    0.17     0.45
8580  BP       1900    8    -0.01    0.18     0.56
8580  BP       1900   15    -0.02    0.22     0.95
8580  HP        700    0     0.12    0.39     2.30
8580  HP        700    8    -0.05    0.33     0.86
8580  HP        700   15    -0.06    0.57     1.12
8580  HP       1000    0     0.33    0.56     2.52
8580  HP       1000    8    -0.00    0.42     0.82
8580  HP       1000   15    -0.35    0.54     1.06
8580  HP       1300    0     0.11    0.54     2.92
8580  HP       1300    8    -0.03    0.47     2.02
8580  HP       1300   15    -0.09    0.60     1.68
8580  HP       1600    0     0.05    0.58     3.32
8580  HP       1600    8    -0.04    0.57     2.99
8580  HP       1600   15    -0.02    0.71     3.36
8580  HP       1900    0     0.09    0.64     3.18
8580  HP       1900    8    -0.05    0.55     3.27
8580  HP       1900   15    -0.04    0.61     3.36
8580  notch     700    0     0.61    0.83     2.26
8580  notch     700    8     0.52    0.78     3.86
8580  notch     700   15     0.44    0.87     8.19
8580  notch    1000    0     0.54    1.00     4.31
8580  notch    1000    8     0.38    1.03     5.47
8580  notch    1000   15     0.21    1.19     9.06
8580  notch    1300    0    -0.36    1.77    13.20
8580  notch    1300    8    -0.72    3.06    36.88
8580  notch    1300   15    -0.89    3.70    36.94
8580  notch    1600    0    -0.05    0.71     3.20
8580  notch    1600    8    -0.11    0.70     2.88
8580  notch    1600   15    -0.12    0.67     2.70
8580  notch    1900    0     0.01    0.45     1.75
8580  notch    1900    8    -0.05    0.45     1.62
8580  notch    1900   15    -0.07    0.44     1.57

LP     mean rms 1.24 dB, worst 8.05 dB
BP     mean rms 1.69 dB, worst 4.80 dB
HP     mean rms 0.73 dB, worst 2.24 dB
notch  mean rms 2.79 dB, worst 6.93 dB
all    mean rms 1.61 dB (limit 6.0), worst LP 8.05 dB (limit 10.0): PASS
