# fc  f0 Hz  Q   (res 0; 2-pole fit, or the -3 dB point with Q 0.707 where the fit is worse than 5 dB)  fit dB
0 815.1 0.3500 4.36
64 815.1 0.3500 4.36
128 815.1 0.3500 4.36
192 815.1 0.3500 4.36
256 815.1 0.3500 4.36
320 815.1 0.3500 4.36
384 815.1 0.3500 4.36
448 815.1 0.3500 4.36
512 815.1 0.3500 4.36
576 728.2 0.3500 4.62
640 1143.6 0.3500 3.97
704 912.5 0.3500 3.57
768 1280.2 0.3500 2.31
832 1796.0 0.6779 1.78
896 2665.8 0.9434 1.28
960 3340.8 0.9434 1.08
1024 3534.7 0.9434 1.06
1088 4429.7 0.9434 0.92
1152 5246.7 0.8929 0.87
1216 6214.5 0.8929 0.83
1280 6956.9 0.8450 0.80
1344 7787.9 0.8450 0.79
1408 8718.3 0.7997 0.77
1472 9759.8 0.7569 0.76
1536 10326.3 0.7163 0.76
1600 10925.7 0.7569 0.76
1664 12231.0 0.6779 0.75
1728 12940.9 0.6779 0.75
1792 14486.9 0.6416 0.74
1856 15327.8 0.6416 0.74
1920 16217.5 0.6072 0.73
1984 18154.9 0.5746 0.73
2047 20323.7 0.5438 0.72
