# fc  f0 Hz  k0  gl  gb  gh  leak   rms dB of lp bp hp (mean over res 0,5,10,15)
0 239.5 1.6394 0.8964 0.6863 0.5074 -0.0534   0.79 0.47 0.20
32 240.4 1.6454 0.8926 0.6865 0.5073 -0.0552   0.79 0.48 0.21
64 241.7 1.6585 0.8891 0.6875 0.5073 -0.0578   0.80 0.50 0.22
96 243.8 1.6800 0.8837 0.6906 0.5072 -0.0626   0.81 0.54 0.23
128 246.1 1.7111 0.8816 0.6953 0.5072 -0.0681   0.86 0.60 0.25
160 249.9 1.7624 0.8789 0.7049 0.5071 -0.0762   0.91 0.70 0.28
192 254.6 1.8306 0.8788 0.7182 0.5072 -0.0877   1.00 0.84 0.31
224 261.4 1.9158 0.8772 0.7365 0.5073 -0.1029   1.13 1.02 0.34
256 266.4 1.9741 0.8757 0.7489 0.5074 -0.1128   1.23 1.14 0.36
288 277.4 2.0815 0.8686 0.7717 0.5077 -0.1304   1.42 1.37 0.39
320 291.6 2.1943 0.8550 0.7931 0.5081 -0.1490   1.64 1.56 0.41
352 312.4 2.3732 0.8457 0.8158 0.5092 -0.1766   2.03 1.76 0.46
384 335.1 2.5474 0.8350 0.8344 0.5106 -0.2053   2.50 1.92 0.52
416 372.2 2.8043 0.8189 0.8589 0.5134 -0.2492   3.13 2.08 0.60
448 415.9 3.0149 0.7930 0.8863 0.5163 -0.2873   3.63 2.21 0.69
480 477.0 3.3011 0.7764 0.9198 0.5218 -0.3303   4.29 2.34 0.84
512 486.6 3.3502 0.7766 0.9249 0.5228 -0.3366   4.38 2.36 0.87
544 564.2 3.5787 0.7678 0.9601 0.5297 -0.3593   4.78 2.44 1.05
576 647.0 3.6810 0.7727 0.9901 0.5362 -0.3537   4.90 2.44 1.18
608 762.7 3.6826 0.7813 1.0092 0.5432 -0.3395   4.94 2.44 1.30
640 891.6 3.7309 0.7960 1.0157 0.5532 -0.3272   5.05 2.49 1.46
672 1084.1 3.6461 0.8052 1.0165 0.5647 -0.2993   5.02 2.58 1.62
704 1276.6 3.5056 0.8271 1.0242 0.5743 -0.2683   4.76 2.61 1.71
736 1530.2 3.3275 0.8551 1.0258 0.5853 -0.2397   4.46 2.63 1.79
768 1677.8 3.1494 0.8695 1.0207 0.5864 -0.2186   4.18 2.56 1.77
800 1936.4 2.8289 0.8853 1.0085 0.5828 -0.1907   3.64 2.42 1.66
832 2184.1 2.5700 0.8990 1.0002 0.5774 -0.1691   3.15 2.31 1.55
864 2452.0 2.3263 0.9022 0.9897 0.5688 -0.1514   2.67 2.22 1.42
896 2678.3 2.1714 0.8988 0.9826 0.5620 -0.1431   2.32 2.18 1.32
928 2979.1 2.0376 0.8971 0.9788 0.5554 -0.1402   1.96 2.17 1.19
960 3284.6 1.9412 0.8964 0.9756 0.5481 -0.1430   1.64 2.18 1.06
992 3622.9 1.8667 0.8984 0.9733 0.5408 -0.1457   1.36 2.19 0.93
1024 3375.7 1.9154 0.8958 0.9743 0.5456 -0.1441   1.55 2.18 1.02
1056 3721.4 1.8550 0.9005 0.9742 0.5400 -0.1460   1.30 2.21 0.91
1088 4076.2 1.8509 0.9140 0.9863 0.5432 -0.1459   1.21 2.30 0.88
1120 4494.7 1.8862 0.9312 1.0110 0.5554 -0.1426   1.20 2.47 0.94
1152 4861.0 1.9236 0.9421 1.0346 0.5686 -0.1397   1.21 2.63 1.00
1184 5345.8 1.9568 0.9464 1.0603 0.5820 -0.1426   1.20 2.84 1.04
1216 5809.1 1.9594 0.9417 1.0750 0.5863 -0.1468   1.17 3.03 1.00
1248 6271.8 1.9571 0.9381 1.0872 0.5871 -0.1566   1.15 3.22 0.95
1280 6534.4 1.9635 0.9378 1.0966 0.5886 -0.1619   1.16 3.32 0.92
1312 6981.2 1.9786 0.9386 1.1133 0.5959 -0.1584   1.18 3.49 0.87
1344 7376.9 1.9897 0.9376 1.1271 0.6019 -0.1526   1.19 3.63 0.83
1376 7783.5 1.9937 0.9334 1.1369 0.6053 -0.1454   1.18 3.78 0.80
1408 8095.2 1.9927 0.9298 1.1409 0.6189 -0.1182   1.19 3.89 0.73
1440 8480.7 2.0053 0.9271 1.1495 0.6384 -0.0936   1.22 4.01 0.66
1472 8830.0 2.0300 0.9273 1.1625 0.6747 -0.0595   1.26 4.09 0.55
1504 9303.9 2.0829 0.9287 1.1932 0.7056 -0.0543   1.30 4.15 0.55
1536 9378.5 2.0933 0.9292 1.1989 0.7123 -0.0535   1.31 4.16 0.55
1568 9944.4 2.1639 0.9315 1.2380 0.7672 -0.0458   1.35 4.21 0.55
1600 10446.5 2.1745 0.9239 1.2379 0.7999 -0.0420   1.34 4.19 0.56
1632 10771.3 2.1048 0.9049 1.1828 0.7762 -0.0419   1.25 3.99 0.55
1664 11007.5 2.0560 0.8913 1.1440 0.7545 -0.0429   1.18 3.69 0.54
1696 11344.8 2.0577 0.8846 1.1415 0.7564 -0.0407   1.16 3.64 0.51
1728 11659.2 2.0717 0.8798 1.1446 0.7634 -0.0382   1.14 3.53 0.48
1760 12010.2 2.1105 0.8778 1.1617 0.7804 -0.0358   1.13 3.59 0.45
1792 12229.6 2.1450 0.8781 1.1793 0.7973 -0.0343   1.14 3.75 0.44
1824 12598.3 2.2071 0.8785 1.2088 0.8290 -0.0316   1.15 3.88 0.41
1856 12975.8 2.2988 0.8819 1.2566 0.8755 -0.0288   1.18 4.14 0.39
1888 13440.1 2.4530 0.8898 1.3417 0.9548 -0.0254   1.24 4.50 0.37
1920 13796.1 2.5660 0.8939 1.3999 1.0152 -0.0236   1.28 4.63 0.36
1952 14229.0 2.7242 0.8996 1.4813 1.0968 -0.0216   1.32 4.76 0.36
1984 14612.8 2.8651 0.9030 1.5492 1.1706 -0.0203   1.35 4.82 0.35
2016 14989.2 3.0063 0.9055 1.6140 1.2457 -0.0191   1.37 4.84 0.35
2047 15413.5 3.1801 0.9081 1.6934 1.3464 -0.0177   1.39 4.88 0.35
