# fc  f0 Hz  Q   (res 0; 2-pole fit, or the -3 dB point with Q 0.707 where the fit is worse than 5 dB)  fit dB
0 120.3 0.7070 8.33
64 912.5 0.3500 3.78
128 1209.9 0.4871 2.10
192 1697.4 0.7163 1.33
256 2127.2 0.7997 1.02
320 2665.8 0.8450 0.94
384 3157.5 0.8450 0.92
448 3739.9 0.8929 0.91
512 4186.7 0.8450 0.86
576 4686.8 0.8450 0.84
640 4958.9 0.7997 0.83
704 5551.3 0.7997 0.79
768 5873.5 0.7997 0.80
832 6575.2 0.7569 0.77
896 6956.9 0.7569 0.77
960 7360.7 0.7569 0.76
1024 7787.9 0.7569 0.76
1088 8240.0 0.7569 0.76
1152 9224.4 0.6779 0.76
1216 9224.4 0.7163 0.75
1280 9759.8 0.7163 0.75
1344 10326.3 0.6779 0.74
1408 10925.7 0.6779 0.74
1472 11559.9 0.6416 0.74
1536 12231.0 0.6416 0.73
1600 12940.9 0.6072 0.73
1664 13692.1 0.6072 0.73
1728 14486.9 0.5746 0.73
1792 15327.8 0.5746 0.72
1856 17158.9 0.5438 0.72
1920 17158.9 0.5438 0.71
1984 20323.7 0.4871 0.71
2047 22751.6 0.4610 0.70
