# fc  f0 Hz  k0  gl  gb  gh  leak   rms dB of lp bp hp (mean over res 0,5,10,15)
0 323.2 3.9000 0.0200 0.0200 1.0411 -0.5000   15.27 4.61 1.12
32 286.6 1.8365 1.2330 1.0778 1.0152 -0.0294   1.67 0.48 0.29
64 579.1 1.6163 1.1282 1.0719 1.0169 -0.0138   0.76 0.43 0.22
96 870.9 1.6205 1.1393 1.0754 1.0224 -0.0118   0.87 0.42 0.28
128 1166.3 1.6161 1.1422 1.0782 1.0278 -0.0129   0.83 0.41 0.31
160 1462.2 1.6097 1.1412 1.0807 1.0327 -0.0165   0.82 0.40 0.34
192 1760.7 1.6018 1.1393 1.0835 1.0368 -0.0190   0.79 0.40 0.35
224 2060.0 1.5919 1.1357 1.0853 1.0400 -0.0215   0.76 0.40 0.35
256 2361.5 1.5804 1.1317 1.0866 1.0428 -0.0232   0.75 0.39 0.36
288 2661.9 1.5689 1.1284 1.0877 1.0468 -0.0218   0.74 0.38 0.37
320 2965.0 1.5581 1.1246 1.0886 1.0499 -0.0231   0.72 0.37 0.37
352 3266.9 1.5478 1.1210 1.0897 1.0527 -0.0242   0.71 0.36 0.37
384 3569.9 1.5385 1.1184 1.0921 1.0564 -0.0243   0.69 0.35 0.37
416 3870.6 1.5299 1.1161 1.0948 1.0600 -0.0245   0.68 0.33 0.38
448 4171.2 1.5222 1.1143 1.0979 1.0647 -0.0239   0.67 0.33 0.39
480 4470.0 1.5151 1.1127 1.1011 1.0691 -0.0240   0.66 0.32 0.39
512 4769.6 1.5087 1.1109 1.1048 1.0729 -0.0251   0.64 0.32 0.40
544 5066.3 1.5025 1.1092 1.1085 1.0778 -0.0249   0.63 0.32 0.41
576 5363.3 1.4954 1.1069 1.1119 1.0817 -0.0244   0.61 0.32 0.41
608 5656.5 1.4862 1.1038 1.1140 1.0846 -0.0235   0.59 0.31 0.40
640 5948.6 1.4790 1.1016 1.1176 1.0887 -0.0223   0.57 0.32 0.39
672 6236.6 1.4727 1.0999 1.1214 1.0938 -0.0206   0.55 0.34 0.40
704 6525.1 1.4683 1.0989 1.1261 1.1001 -0.0191   0.54 0.36 0.40
736 6809.2 1.4653 1.0982 1.1314 1.1072 -0.0177   0.52 0.40 0.41
768 7092.3 1.4641 1.0979 1.1379 1.1148 -0.0168   0.52 0.46 0.42
800 7372.4 1.4628 1.0974 1.1436 1.1220 -0.0162   0.51 0.52 0.43
832 7650.7 1.4581 1.0956 1.1448 1.1278 -0.0153   0.50 0.50 0.44
864 7924.8 1.4512 1.0931 1.1431 1.1312 -0.0150   0.48 0.40 0.45
896 8195.9 1.4448 1.0906 1.1415 1.1344 -0.0146   0.47 0.33 0.46
928 8460.8 1.4407 1.0888 1.1423 1.1386 -0.0139   0.46 0.30 0.47
960 8721.4 1.4369 1.0869 1.1431 1.1418 -0.0133   0.45 0.29 0.48
992 8974.9 1.4335 1.0850 1.1436 1.1443 -0.0127   0.44 0.28 0.48
1024 9224.1 1.4313 1.0834 1.1442 1.1466 -0.0122   0.43 0.28 0.49
1056 9463.6 1.4297 1.0817 1.1441 1.1476 -0.0116   0.42 0.28 0.49
1088 9693.7 1.4279 1.0795 1.1423 1.1457 -0.0113   0.41 0.28 0.50
1120 9913.7 1.4276 1.0774 1.1399 1.1430 -0.0108   0.39 0.27 0.51
1152 10122.6 1.4285 1.0750 1.1362 1.1372 -0.0107   0.37 0.27 0.51
1184 10328.1 1.4330 1.0733 1.1340 1.1329 -0.0104   0.35 0.27 0.51
1216 10531.8 1.4402 1.0721 1.1326 1.1289 -0.0103   0.33 0.27 0.51
1248 10730.4 1.4493 1.0711 1.1310 1.1247 -0.0102   0.32 0.27 0.52
1280 10929.5 1.4599 1.0705 1.1301 1.1212 -0.0102   0.31 0.26 0.52
1312 11130.2 1.4726 1.0706 1.1306 1.1206 -0.0100   0.30 0.25 0.53
1344 11340.1 1.4868 1.0712 1.1335 1.1243 -0.0097   0.31 0.23 0.54
1376 11564.3 1.5030 1.0727 1.1403 1.1348 -0.0094   0.31 0.22 0.56
1408 11809.1 1.5202 1.0748 1.1517 1.1538 -0.0090   0.33 0.21 0.58
1440 12068.9 1.5373 1.0771 1.1670 1.1809 -0.0085   0.34 0.20 0.59
1472 12330.6 1.5514 1.0789 1.1828 1.2091 -0.0081   0.35 0.19 0.60
1504 12582.8 1.5631 1.0800 1.1974 1.2365 -0.0076   0.36 0.18 0.61
1536 12824.7 1.5724 1.0805 1.2101 1.2609 -0.0073   0.37 0.18 0.61
1568 13052.9 1.5803 1.0805 1.2209 1.2819 -0.0071   0.37 0.17 0.61
1600 13273.0 1.5875 1.0803 1.2307 1.3018 -0.0068   0.37 0.17 0.61
1632 13481.7 1.5936 1.0799 1.2391 1.3190 -0.0067   0.37 0.17 0.61
1664 13681.3 1.5987 1.0792 1.2464 1.3337 -0.0065   0.36 0.17 0.61
1696 13875.9 1.6033 1.0785 1.2534 1.3484 -0.0064   0.36 0.17 0.60
1728 14061.5 1.6072 1.0776 1.2593 1.3605 -0.0063   0.35 0.17 0.60
1760 14240.0 1.6109 1.0767 1.2647 1.3717 -0.0063   0.35 0.17 0.59
1792 14415.9 1.6144 1.0758 1.2700 1.3828 -0.0063   0.34 0.17 0.59
1824 14577.0 1.6163 1.0746 1.2732 1.3908 -0.0062   0.33 0.17 0.58
1856 14722.3 1.6152 1.0731 1.2736 1.3923 -0.0063   0.32 0.18 0.57
1888 14858.0 1.6129 1.0715 1.2728 1.3895 -0.0065   0.31 0.19 0.55
1920 14994.2 1.6132 1.0703 1.2729 1.3921 -0.0064   0.31 0.19 0.54
1952 15133.5 1.6139 1.0691 1.2744 1.3971 -0.0063   0.30 0.20 0.54
1984 15268.0 1.6151 1.0681 1.2756 1.4016 -0.0062   0.29 0.21 0.53
2016 15405.2 1.6173 1.0672 1.2782 1.4093 -0.0061   0.29 0.21 0.53
2047 15532.5 1.6173 1.0662 1.2799 1.4135 -0.0061   0.28 0.22 0.52
