output rate 49169.922 Hz, 20.0376 SID cycles per frame
alias power in 0-20 kHz relative to signal, dB (lower is better)

wave        f0 Hz    naive      box    blep2    blep4    blep6      os2      os4
saw           114    -27.5    -39.6    -47.5    -61.4    -74.4    -32.6    -34.2
saw           441    -20.8    -33.6    -41.8    -55.9    -69.1    -24.7    -28.0
saw          1013    -17.1    -29.5    -37.5    -51.1    -64.0    -20.9    -24.0
saw          2008    -14.0    -26.6    -34.7    -48.7    -61.9    -17.9    -21.1
saw          3801    -10.8    -23.1    -31.1    -44.8    -57.9    -14.5    -17.5
pulse50       114    -29.3    -41.2    -49.2    -63.0    -76.0    -34.3    -35.7
pulse50       441    -22.6    -35.2    -43.3    -57.2    -70.2    -26.5    -29.6
pulse50      1013    -18.8    -30.9    -38.6    -51.9    -64.4    -22.5    -25.4
pulse50      2008    -15.8    -27.8    -35.4    -48.8    -61.6    -19.5    -22.1
pulse50      3801    -13.1    -26.9    -36.5    -53.9    -71.1    -17.4    -21.7
pulse12       114    -30.3    -42.3    -50.3    -64.1    -77.1    -35.4    -36.7
pulse12       441    -23.6    -36.0    -43.9    -57.6    -70.5    -27.3    -30.5
pulse12      1013    -20.0    -32.6    -40.5    -53.6    -65.9    -24.0    -27.2
pulse12      2008    -17.5    -32.4    -42.5    -57.8    -70.9    -22.5    -27.0
pulse12      3801    -14.6    -31.2    -43.0    -62.5    -80.3    -19.4    -25.0
tri           114    -80.4    -89.6      nan      nan      nan    -85.0    -85.2
tri           441    -62.6    -72.2      nan      nan      nan    -66.9    -67.6
tri          1013    -51.4    -60.5      nan      nan      nan    -55.3    -55.8
tri          2008    -42.4    -51.5      nan      nan      nan    -46.2    -46.7
tri          3801    -35.2    -46.2      nan      nan      nan    -41.7    -43.3
